0 2 2 0 No 1
1 2 3 0 Yes 1
2 2 3 0 No 1
3 2 3 0 Yes 1
4 2 2 0 No 1
5 2 6 0 No 1
6 2 3 0 No 1
7 2 3 0 Yes 1
8 2 4 0 No 1
9 2 4 0 No 1
10 2 3 0 No 1
11 2 2 0 No 1
12 2 2 0 No 1
13 2 3 0 No 1
14 2 12 1 Yes 1
15 2 8 0 No 1
16 2 19 0 No 1
17 2 2 0 No 1
18 2 2 0 No 1
19 2 3 0 Yes 1
20 2 4 0 No 1
21 2 3 0 Yes 1
22 2 3 0 Yes 1
23 2 4 0 Yes 1
24 2 6 0 Yes 1
25 2 5 0 Yes 1
26 2 4 0 No 1
27 2 3 0 Yes 1
28 2 2 0 No 1
29 2 2 0 No 1
30 3 10 3 Yes 1
31 3 34 4 Yes 1
32 3 3 0 No 1
33 3 4 0 No 1
34 3 17 3 Yes 1
35 3 10 0 No 1
36 3 57 0 No 1
37 3 2 0 No 1
38 3 10 0 No 1
39 3 7 0 No 1
40 3 6 0 No 1
41 3 4 0 No 1
42 3 3 0 Yes 1
43 3 49 0 No 1
44 3 3 0 Yes 1
45 3 10 0 No 1
46 3 10 0 No 1
47 3 14 0 No 1
48 3 2 0 No 1
49 3 3 0 Yes 1
50 3 8 0 No 1
51 3 31 0 Yes 1
52 3 3 0 Yes 1
53 3 4 0 No 1
54 3 2 0 No 1
55 3 5 0 Yes 1
56 3 15 0 No 1
57 3 43 0 No 1
58 3 9 0 No 1
59 3 6 0 Yes 1
60 4 15 0 No 1
61 4 15 4 Yes 1
62 4 4 0 Yes 1
63 4 6 0 Yes 1
64 4 38 0 No 1
65 4 11 9 Yes 1
66 4 3 0 Yes 1
67 4 7 0 No 1
68 4 6 0 Yes 1
69 4 8 0 No 1
70 4 6 0 No 1
71 4 19 0 Yes 1
72 4 3 0 Yes 1
73 4 15 9 Yes 1
74 4 3 0 Yes 1
75 4 2 0 No 1
76 4 4 0 No 1
77 4 14 0 No 1
78 4 3 0 No 1
79 4 5 0 Yes 1
80 4 3 0 No 1
81 4 5 0 No 1
82 4 6 0 No 1
83 4 5 0 No 1
84 4 5 0 No 1
85 4 3 0 Yes 1
86 4 5 0 No 1
87 4 3 0 Yes 1
88 4 12 0 No 1
89 4 4 0 No 1
90 5 9 0 No 1
91 5 21 13 Yes 1
92 5 28 0 No 1
93 5 3 0 No 1
94 5 4 0 No 1
95 5 3 0 No 1
96 5 49 0 No 1
97 5 40 0 No 1
98 5 29 0 No 1
99 5 5 0 No 1
100 5 9 0 No 1
101 5 6 0 No 1
102 5 7 0 No 1
103 5 115 0 No 1
104 5 32 0 No 1
105 5 8 0 Yes 1
106 5 4 0 No 1
107 5 15 0 No 1
108 5 11 0 Yes 1
109 5 35 0 No 1
110 5 107 0 No 1
111 5 4 0 No 1
112 5 19 0 No 1
113 5 8 0 No 1
114 5 6 0 Yes 1
115 5 3 0 No 1
116 5 13 0 No 1
117 5 9 0 Yes 1
118 5 10 0 No 1
119 5 4 0 No 1
120 6 15 0 No 1
121 6 52 19 Yes 1
122 6 5 0 No 1
123 6 4 0 No 1
124 6 6 0 No 1
125 6 410 0 No 1
126 6 4 0 No 1
127 6 13 0 No 1
128 6 4 0 No 1
129 6 7 0 No 1
130 6 8 0 No 1
131 6 1585 0 No 1
132 6 202 0 Yes 1
133 6 5 0 No 1
134 6 2 0 No 1
135 6 8 0 No 1
136 6 9 0 No 1
137 6 4 0 No 1
138 6 177 0 No 1
139 6 4 0 No 1
140 6 23 0 No 1
141 6 5 0 No 1
142 6 11 0 No 1
143 6 3 0 No 1
144 6 3 0 No 1
145 6 69 0 No 1
146 6 5 0 No 1
147 6 6 0 No 1
148 6 17 0 No 1
149 6 6 0 Yes 1
150 7 41 0 No 1
151 7 7 0 No 1
152 7 42 30 Yes 1
153 7 12 0 No 1
154 7 17 36 Yes 1
155 7 4 0 No 1
156 7 13 0 No 1
157 7 6 0 No 1
158 7 9 0 No 1
159 7 6 0 No 1
160 7 5 0 No 1
161 7 7 0 No 1
162 7 4 0 No 1
163 7 7 0 Yes 1
164 7 3 0 No 1
165 7 51 0 Yes 1
166 7 13 0 No 1
167 7 19 0 Yes 1
168 7 12 0 No 1
169 7 19 0 No 1
170 7 40 0 No 1
171 7 394 0 Yes 1
172 7 4 0 No 1
173 7 3 0 No 1
174 7 12 0 No 1
175 7 37 0 No 1
176 7 19 0 No 1
177 7 2 0 No 1
178 7 5 0 Yes 1
179 7 75 0 No 1
180 8 138 0 No 1
181 8 3 0 No 1
182 8 3 0 No 1
183 8 12 0 No 1
184 8 3 0 No 1
185 8 12 0 No 1
186 8 9 0 Yes 1
187 8 5 0 No 1
188 8 3 0 No 1
189 8 4 0 No 1
190 8 6 0 No 1
191 8 54 0 No 1
192 8 22 37 Yes 1
193 8 8 0 No 1
194 8 97 0 No 1
195 8 180 0 No 1
196 8 8 0 No 1
197 8 18 49 Yes 1
198 8 5 0 No 1
199 8 5 0 No 1
200 8 6 0 Yes 1
201 8 19 43 Yes 1
202 8 7 0 No 1
203 8 4 0 No 1
204 8 9 0 No 1
205 8 4 0 No 1
206 8 19 49 Yes 1
207 8 9 49 Yes 1
208 8 4 0 No 1
209 8 99 37 Yes 1
210 9 11 0 No 1
211 9 4 0 No 1
212 9 8 0 No 1
213 9 4 0 No 1
214 9 7 0 No 1
215 9 17 64 Yes 1
216 9 5 0 Yes 1
217 9 6 0 No 1
218 9 3 0 No 1
219 9 2 0 No 1
220 9 18 50 Yes 1
221 9 180 50 Yes 1
222 9 11 0 No 1
223 9 6 0 Yes 1
224 9 23 0 No 1
225 9 119 0 No 1
226 9 3 0 No 1
227 9 155 30 Yes 1
228 9 3 0 No 1
229 9 6 0 No 1
230 9 54 0 No 1
231 9 7 0 No 1
232 9 47 0 No 1
233 9 16 0 No 1
234 9 3 0 No 1
235 9 8 0 No 1
236 9 6 0 No 1
237 9 404 0 No 1
238 9 4 0 No 1
239 9 4 0 No 1
240 10 311 0 No 1
241 10 5 0 No 1
242 10 3 0 Yes 1
243 10 18 0 No 1
244 10 6 0 No 1
245 10 3 0 No 1
246 10 9 0 Yes 1
247 10 5 0 No 1
248 10 9 0 No 1
249 10 3 0 No 1
250 10 708 56 Yes 1
251 10 19 0 No 1
252 10 8 0 No 1
253 10 83 0 Yes 1
254 10 6 0 No 1
255 10 3 0 No 1
256 10 7 0 No 1
257 10 8 0 No 1
258 10 19 0 No 1
259 10 4 0 No 1
260 10 17 0 No 1
261 10 1509 0 Yes 1
262 10 33 0 No 1
263 10 9 0 No 1
264 10 8 0 No 1
265 10 4 0 No 1
266 10 36 0 No 1
267 10 19 0 Yes 1
268 10 4 0 No 1
269 10 38 0 No 1
270 11 6 0 No 1
271 11 31 0 No 1
272 11 4 0 No 1
273 11 2 0 No 1
274 11 13 0 No 1
275 11 3 0 No 1
276 11 8 0 No 1
277 11 4 0 No 1
278 11 3 0 No 1
279 11 11 0 No 1
280 11 15 0 No 1
281 11 4 0 No 1
282 11 3 0 No 1
283 11 3 0 No 1
284 11 6 0 No 1
285 11 8 0 No 1
286 11 87 0 No 1
287 11 9 0 No 1
288 11 13 0 No 1
289 11 259 0 No 1
290 11 316 54 Yes 1
291 11 6 0 No 1
292 11 38 0 No 1
293 11 3 0 No 1
294 11 4 0 No 1
295 11 6 0 No 1
296 11 4 0 No 1
297 11 8 0 No 1
298 11 7 0 No 1
299 11 10 0 No 1
300 12 4 0 No 1
301 12 4 0 No 1
302 12 3 0 No 1
303 12 9 0 No 1
304 12 4 0 No 1
305 12 7 0 No 1
306 12 3 0 No 1
307 12 3 0 No 1
308 12 9 0 No 1
309 12 29 121 Yes 1
310 12 5 0 No 1
311 12 3 0 No 1
312 12 6 0 No 1
313 12 7 0 No 1
314 12 14 0 No 1
315 12 6 0 No 1
316 12 3 0 No 1
317 12 3 0 No 1
318 12 5 0 No 1
319 12 9 0 No 1
320 12 75 0 No 1
321 12 4 0 No 1
322 12 55 81 Yes 1
323 12 29 0 No 1
324 12 3 0 No 1
325 12 2 0 No 1
326 12 93 0 No 1
327 12 4 0 No 1
328 12 3 0 No 1
329 12 3 0 No 1
330 13 3 0 No 1
331 13 37 0 No 1
332 13 1247 0 No 1
333 13 5 0 No 1
334 13 83 99 Yes 1
335 13 3 0 No 1
336 13 20 0 No 1
337 13 3 0 No 1
338 13 10 144 Yes 1
339 13 12 0 No 1
340 13 33 144 Yes 1
341 13 5 0 No 1
342 13 3 0 No 1
343 13 6 0 No 1
344 13 16 0 No 1
345 13 40 0 No 1
346 13 3 0 No 1
347 13 7 0 No 1
348 13 4 0 No 1
349 13 7 0 No 1
350 13 150 0 No 1
351 13 3 0 No 1
352 13 6 0 No 1
353 13 3 0 No 1
354 13 32 0 No 1
355 13 13 0 No 1
356 13 23 0 Yes 1
357 13 17 0 No 1
358 13 3 0 No 1
359 14 7 0 No 1
360 14 21 0 No 1
361 14 9 0 No 1
362 14 34 156 Yes 1
363 14 5 0 No 1
364 14 3 0 No 1
365 14 4 0 No 1
366 14 10 0 No 1
367 14 3 0 Yes 1
368 14 6 0 No 1
369 14 5 0 No 1
370 14 6 0 No 1
371 14 20 0 No 1
372 14 3 0 No 1
373 14 6 0 No 1
374 14 46 0 No 1
375 14 7 0 No 1
376 14 53 0 No 1
377 14 3 0 No 1
378 14 11 0 No 1
379 14 7 0 No 1
380 14 5 0 No 1
381 14 3 0 No 1
382 14 4 0 No 1
383 14 6 0 No 1
384 14 14 0 No 1
385 14 5 0 No 1
386 14 11 0 No 1
387 14 7 0 No 1
388 15 6 0 No 1
389 15 14 0 No 1
390 15 12 0 No 1
391 15 13 196 Yes 1
392 15 60 196 Yes 1
393 15 25 0 No 1
394 15 4 0 No 1
395 15 22 0 No 1
396 15 3 0 No 1
397 15 369 0 No 1
398 15 41 0 No 1
399 15 10 0 No 1
400 15 3 0 No 1
401 15 70 0 No 1
402 15 7 0 No 1
403 15 21 0 No 1
404 15 7 0 No 1
405 15 10 0 No 1
406 15 5 0 No 1
407 15 17 0 No 1
408 15 4 0 No 1
409 15 7 0 No 1
410 15 30 0 No 1
411 15 14 0 No 1
412 15 42 0 No 1
413 15 11 0 No 1
414 15 8 0 No 1
415 15 16 0 No 1
416 15 7 0 No 1
417 15 6 0 No 1
418 16 4 0 No 1
419 16 7 0 No 1
420 16 4 0 No 1
421 16 4 0 No 1
422 16 26 0 No 1
423 16 5 0 No 1
424 16 21 0 No 1
425 16 14 0 No 1
426 16 4 0 No 1
427 16 4 0 No 1
428 16 6 0 No 1
429 16 3 0 No 1
430 16 57 197 Yes 1
431 16 6 0 No 1
432 16 6 0 No 1
433 16 3 0 No 1
434 16 5 0 No 1
435 16 19 0 No 1
436 16 72 0 No 1
437 16 1016 91 Yes 1
438 16 13 0 No 1
439 16 7 0 No 1
440 16 128 0 No 1
441 16 53 0 No 1
442 16 4 0 No 1
443 16 8 0 No 1
444 16 22 0 No 1
445 16 12 0 No 1
446 16 3 0 No 1
447 16 6 0 No 1
448 17 10 0 No 1
449 17 4 0 No 1
450 17 20 0 No 1
451 17 4 0 No 1
452 17 22 0 No 1
453 17 4 0 No 1
454 17 13 0 No 1
455 17 50 0 No 1
456 17 27 0 Yes 1
457 17 23 0 No 1
458 17 3 0 No 1
459 17 16 0 Yes 1
460 17 3 0 No 1
461 17 14 0 No 1
462 17 6 0 No 1
463 17 7 0 No 1
464 17 3 0 No 1
465 17 3 0 No 1
466 17 3 0 No 1
467 17 21 0 No 1
468 17 13 0 No 1
469 17 4 0 No 1
470 17 7 0 No 1
471 17 4 0 No 1
472 17 53 0 No 1
473 17 3 0 No 1
474 17 10 0 No 1
475 17 3 0 No 1
476 17 3 0 No 1
477 17 3 0 No 1
478 18 3 0 No 1
479 18 3 0 No 1
480 18 7 0 No 1
481 18 21 0 No 1
482 18 45 0 Yes 1
483 18 3 0 No 1
484 18 5 0 No 1
485 18 3 0 No 1
486 18 6 0 No 1
487 18 3 0 Yes 1
488 18 3 0 No 1
489 18 3 0 No 1
490 18 6 0 No 1
491 18 6 0 No 1
492 18 19 273 Yes 1
493 18 14 0 No 1
494 18 9 0 No 1
495 18 3 0 No 1
496 18 10 0 No 1
497 18 6 0 No 1
498 18 7 0 No 1
499 18 4 0 No 1
500 18 7 0 No 1
501 18 33 0 No 1
502 18 3 0 No 1
503 18 3 0 No 1
504 18 43 0 No 1
505 18 11 0 No 1
506 18 7 0 No 1
507 18 7 0 No 1
508 19 6 0 No 1
509 19 4 0 No 1
510 19 3 0 No 1
511 19 13 0 No 1
512 19 15 0 No 1
513 19 3 0 No 1
514 19 3 0 No 1
515 19 84 0 No 1
516 19 4 0 No 1
517 19 4 0 No 1
518 19 12 0 No 1
519 19 11 0 No 1
520 19 7 0 No 1
521 19 1071 290 Yes 1
522 19 7 0 No 1
523 19 3 0 No 1
524 19 47 0 No 1
525 19 3 0 No 1
526 19 8 0 No 1
527 19 13 324 Yes 1
528 19 24 0 No 1
529 19 3 0 No 1
530 19 4 0 No 1
531 19 145 96 Yes 1
532 19 14 0 No 1
533 19 4 0 No 1
534 19 3 0 No 1
535 19 127 135 Yes 1
536 19 5 0 No 1
537 20 4 0 No 1
538 20 3 0 No 1
539 20 5 0 No 1
540 20 4 0 No 1
541 20 17 0 No 1
542 20 3 0 No 1
543 20 5 0 No 1
544 20 8 0 No 1
545 20 7 0 No 1
546 20 7 0 No 1
547 20 3 0 No 1
548 20 5 0 No 1
549 20 14 0 No 1
550 20 7 0 No 1
551 20 36 0 No 1
552 20 7 0 No 1
553 20 7 0 No 1
554 20 15 0 No 1
555 20 4 0 No 1
556 20 6 0 No 1
557 20 4 0 No 1
558 20 7 0 No 1
559 20 5 0 No 1
560 20 11 0 No 1
561 20 5 0 No 1
562 20 7 0 No 1
563 20 3 0 No 1
564 20 317 0 No 1
565 20 3 0 No 1
566 20 3 0 No 1
567 21 2048 96 Yes 1
568 21 16 0 No 1
569 21 17 0 No 1
570 21 7 0 No 1
571 21 7 0 No 1
572 21 3 0 No 1
573 21 7 0 No 1
574 21 730 362 Yes 1
575 21 3 0 No 1
576 21 45 0 No 1
577 21 11 0 No 1
578 21 13 0 No 1
579 21 10 0 No 1
580 21 40 0 No 1
581 21 16 0 No 1
582 21 24 0 No 1
583 21 3 0 No 1
584 21 3 0 No 1
585 21 13 0 No 1
586 21 4 0 No 1
587 21 5 0 No 1
588 21 3 0 No 1
589 21 8 0 No 1
590 21 6 0 No 1
591 21 3 0 No 1
592 21 4 0 No 1
593 21 4 0 No 1
594 21 73 0 No 1
595 21 20 0 No 1
596 21 7 0 No 1
597 22 3 0 No 1
598 22 5 0 No 1
599 22 3 0 No 1
600 22 31 0 No 1
601 22 3 0 No 1
602 22 4 0 No 1
603 22 6 0 No 1
604 22 12 0 No 1
605 22 3 0 Yes 1
606 22 637 247 Yes 1
607 22 9 0 No 1
608 22 40 0 No 1
609 22 6 0 No 1
610 22 19 0 No 1
611 22 200 0 No 1
612 22 3 0 No 1
613 22 11 0 No 1
614 22 3 0 Yes 1
615 22 15 0 No 1
616 22 13 0 No 1
617 22 3 0 No 1
618 22 8 0 No 1
619 22 5 0 No 1
620 22 1987 401 Yes 1
621 22 4 0 No 1
622 22 9 0 No 1
623 22 7 0 No 1
624 22 3 0 No 1
625 22 4 0 No 1
626 23 3 0 No 1
627 23 6 0 No 1
628 23 3 0 No 1
629 23 4 0 No 1
630 23 3 0 No 1
631 23 26 0 No 1
632 23 3 0 No 1
633 23 4 0 No 1
634 23 3 0 No 1
635 23 3 0 No 1
636 23 7 0 No 1
637 23 3 0 No 1
638 23 196 0 No 1
639 23 3 0 No 1
640 23 9 0 No 1
641 23 74 0 No 1
642 23 18 0 No 1
643 23 6 0 No 1
644 23 3 0 No 1
645 23 9 0 No 1
646 23 4 0 No 1
647 23 6 0 No 1
648 23 3 0 No 1
649 23 14 0 No 1
650 23 21 0 No 1
651 23 139 0 No 1
652 23 3 0 No 1
653 23 6 0 No 1
654 23 4 0 No 1
655 23 4 0 No 1
656 24 17 0 No 1
657 24 49 0 No 1
658 24 4 0 No 1
659 24 78 0 No 1
660 24 14 0 No 1
661 24 4 0 No 1
662 24 12 0 No 1
663 24 50 0 No 1
664 24 7 0 No 1
665 24 3 0 No 1
666 24 3 0 No 1
667 24 3 0 No 1
668 24 3 0 No 1
669 24 3 0 No 1
670 24 3 0 No 1
671 24 3 0 No 1
672 24 4 0 No 1
673 24 4 0 No 1
674 24 7 0 No 1
675 24 4 0 No 1
676 24 15 0 No 1
677 24 3 0 No 1
678 24 90 0 No 1
679 24 24 0 No 1
680 24 4 0 No 1
681 24 4 0 No 1
682 24 18 0 No 1
683 24 22 0 No 1
684 24 3 0 No 1
685 24 102 0 No 1
686 25 4 0 No 1
687 25 13 0 No 1
688 25 3 0 No 1
689 25 10 0 No 1
690 25 4 0 No 1
691 25 4 0 No 1
692 25 4 0 No 1
693 25 8 0 No 1
694 25 5 0 No 1
695 25 7 0 No 1
696 25 6 0 No 1
697 25 4 0 No 1
698 25 24 0 No 1
699 25 3 0 No 1
700 25 108 530 Yes 1
701 25 3 0 No 1
702 25 35 0 No 1
703 25 11 0 No 1
704 25 5 0 No 1
705 25 42 0 No 1
706 25 3 0 No 1
707 25 4 0 No 1
708 25 22 0 No 1
709 25 3 0 No 1
710 25 78 0 No 1
711 25 15 0 No 1
712 25 4 0 No 1
713 25 4 0 No 1
714 25 13 0 No 1
715 25 7 0 No 1
716 26 3 0 No 1
717 26 3 0 No 1
718 26 3 0 No 1
719 26 11 0 No 1
720 26 5 0 No 1
721 26 6 0 No 1
722 26 5 0 No 1
723 26 4 0 No 1
724 26 11 0 No 1
725 26 3 0 No 1
726 26 4 0 No 1
727 26 3 0 No 1
728 26 8 0 No 1
729 26 3 0 No 1
730 26 201 0 Yes 1
731 26 8 0 No 1
732 26 8 0 No 1
733 26 10 0 No 1
734 26 7 0 No 1
735 26 4 0 No 1
736 26 3 0 No 1
737 26 40 0 No 1
738 26 3 0 No 1
739 26 20 0 No 1
740 26 3 0 No 1
741 26 3 0 No 1
742 26 9 0 No 1
743 26 4 0 No 1
744 26 4 0 No 1
745 26 6 0 No 1
746 27 4 0 No 1
747 27 5 0 No 1
748 27 4 0 No 1
749 27 5 0 No 1
750 27 39 0 No 1
751 27 81 0 No 1
752 27 4 0 No 1
753 27 3 0 No 1
754 27 8 0 No 1
755 27 29 0 No 1
756 27 4 0 No 1
757 27 328 0 No 1
758 27 4 0 No 1
759 27 5 0 No 1
760 27 26 0 No 1
761 27 50 525 Yes 1
762 27 6 0 No 1
763 27 3 0 No 1
764 27 3 0 No 1
765 27 6 0 No 1
766 27 6 0 No 1
767 27 9 0 No 1
768 27 81 0 No 1
769 27 3 0 No 1
770 27 3 0 No 1
771 27 26 0 No 1
772 27 4 0 No 1
773 27 4 0 No 1
774 27 3 0 Yes 1
775 27 6 0 No 1
776 28 3 0 No 1
777 28 3 0 No 1
778 28 11 0 No 1
779 28 7 0 No 1
780 28 6 0 No 1
781 28 3 0 No 1
782 28 3 0 No 1
783 28 3 0 No 1
784 28 3 0 No 1
785 28 44 0 No 1
786 28 3 0 No 1
787 28 4 0 No 1
788 28 4 0 No 1
789 28 3 0 No 1
790 28 3 0 No 1
791 28 4 0 No 1
792 28 3 0 No 1
793 28 4 0 No 1
794 28 3 0 No 1
795 28 54 0 No 1
796 28 8 0 No 1
797 28 7 0 No 1
798 28 3 0 No 1
799 28 6 0 No 1
800 28 7 0 No 1
801 28 4 0 No 1
802 28 19 0 No 1
803 28 3 0 No 1
804 28 4 0 No 1
805 28 7 0 No 1
806 29 24 0 No 1
807 29 6 0 No 1
808 29 3 0 No 1
809 29 3 0 No 1
810 29 3 0 No 1
811 29 19 0 No 1
812 29 3 0 No 1
813 29 4 0 No 1
814 29 4 0 No 1
815 29 128 541 Yes 1
816 29 127 0 No 1
817 29 7 0 No 1
818 29 69 0 No 1
819 29 7 0 No 1
820 29 6 0 No 1
821 29 14 0 No 1
822 29 14 0 No 1
823 29 3 0 No 1
824 29 3 0 No 1
825 29 17 0 Yes 1
826 29 9 0 No 1
827 29 3 0 No 1
828 29 7 0 No 1
829 29 7 0 No 1
830 29 66 0 No 1
831 29 3 0 No 1
832 29 16 0 No 1
833 29 4 0 No 1
834 29 3 0 No 1
835 29 3 0 No 1
836 30 6 0 No 1
837 30 177 0 No 1
838 30 3 0 No 1
839 30 5 0 No 1
840 30 3 0 No 1
841 30 3 0 No 1
842 30 9 0 No 1
843 30 4 0 No 1
844 30 3 0 No 1
845 30 3 0 No 1
846 30 6 0 No 1
847 30 255 0 No 1
848 30 26 0 Yes 1
849 30 126 0 Yes 1
850 30 3 0 No 1
851 30 3 0 No 1
852 30 3 0 No 1
853 30 3 0 No 1
854 30 7 0 No 1
855 30 4 0 No 1
856 30 3 0 No 1
857 30 3 0 No 1
858 30 3 0 No 1
859 30 7 0 No 1
860 30 4 0 No 1
861 30 3 0 No 1
862 30 4 0 No 1
863 30 62 0 No 1
864 30 7 0 No 1
865 30 9 0 No 1
866 31 14 900 Yes 1
867 31 3 0 No 1
868 31 7 0 No 1
869 31 13 0 No 1
870 31 7 0 No 1
871 31 7 0 No 1
872 31 3 0 No 1
873 31 14 0 No 1
874 31 3 0 No 1
875 31 12 0 No 1
876 31 145 696 Yes 1
877 31 21 0 No 1
878 31 3 0 No 1
879 31 13 0 No 1
880 31 3 0 No 1
881 31 7 0 No 1
882 31 3 0 No 1
883 31 3 0 No 1
884 31 3 0 No 1
885 31 11 0 No 1
886 31 43 0 No 1
887 31 7 0 No 1
888 31 3 0 No 1
889 31 15 0 No 1
890 31 45 0 No 1
891 31 4 0 No 1
892 31 25 0 No 1
893 31 3 0 No 1
894 31 4 0 No 1
895 31 6 0 No 1
896 32 3 0 No 1
897 32 4 0 No 1
898 32 3 0 No 1
899 32 153 0 No 1
900 32 7 0 No 1
901 32 11 0 No 1
902 32 3 0 No 1
903 32 82 0 No 1
904 32 10 0 No 1
905 32 6 0 No 1
906 32 3 0 No 1
907 32 3 0 No 1
908 32 3 0 No 1
909 32 7 0 No 1
910 32 3 0 No 1
911 32 3 0 No 1
912 32 9 0 No 1
913 32 4 0 No 1
914 32 4 0 No 1
915 32 3 0 No 1
916 32 17 0 No 1
917 32 168 0 No 1
918 32 3 0 No 1
919 32 3 0 No 1
920 32 4 0 No 1
921 32 15 0 No 1
922 32 7 0 No 1
923 32 3 0 No 1
924 32 28 0 No 1
925 32 12 0 No 1
926 33 157 0 No 1
927 33 3 0 No 1
928 33 7 0 No 1
929 33 8 0 No 1
930 33 5 0 No 1
931 33 4 0 No 1
932 33 3 0 No 1
933 33 6 0 No 1
934 33 4 0 No 1
935 33 3 0 No 1
936 33 4 0 No 1
937 33 3 0 No 1
938 33 149 0 No 1
939 33 5 0 No 1
940 33 12 0 No 1
941 33 9 0 No 1
942 33 7 0 No 1
943 33 8 0 No 1
944 33 6 0 No 1
945 33 7 0 No 1
946 33 20 0 No 1
947 33 3 0 No 1
948 33 3 0 No 1
949 33 3 0 No 1
950 33 4 0 No 1
951 33 6 0 No 1
952 33 3 0 No 1
953 33 8 0 No 1
954 33 3 0 No 1
955 33 7 0 No 1
956 34 896 0 No 1
957 34 4 0 No 1
958 34 163 0 Yes 1
959 34 5 0 No 1
960 34 8 0 No 1
961 34 3 0 No 1
962 34 3 0 No 1
963 34 11 0 No 1
964 34 41 1057 Yes 1
965 34 6 0 No 1
966 34 4 0 No 1
967 34 3 0 No 1
968 34 6 0 No 1
969 34 11 0 No 1
970 34 4 0 No 1
971 34 11 0 No 1
972 34 3 0 No 1
973 34 7 0 No 1
974 34 10 0 No 1
975 34 6 0 No 1
976 34 6 0 No 1
977 34 3 0 No 1
978 34 3 0 No 1
979 34 8 0 No 1
980 34 6 0 No 1
981 34 7 0 Yes 1
982 34 3 0 No 1
983 34 3 0 No 1
984 34 11 0 No 1
985 34 3 0 No 1
986 35 3 0 No 1
987 35 6 0 No 1
988 35 5 0 No 1
989 35 3 0 No 1
990 35 13 0 No 1
991 35 4 0 No 1
992 35 24 0 No 1
993 35 68 832 Yes 1
994 35 3 0 No 1
995 35 11 0 No 1
996 35 3 0 No 1
997 35 26 0 Yes 1
998 35 3 0 No 1
999 35 4 0 No 1
1000 35 5 0 No 1
1001 35 3 0 No 1
1002 35 5 0 No 1
1003 35 3 0 No 1
1004 35 21 0 No 1
1005 35 24 0 No 1
1006 35 31 990 Yes 1
1007 35 3 0 No 1
1008 35 4 0 No 1
1009 35 8 0 No 1
1010 35 7 0 No 1
1011 35 4 0 No 1
1012 35 7 0 No 1
1013 35 4 0 No 1
1014 35 4 0 No 1
1015 36 29 0 No 1
1016 36 3 0 No 1
1017 36 25 0 No 1
1018 36 3 0 No 1
1019 36 4 0 No 1
1020 36 3 0 No 1
1021 36 3 0 No 1
1022 36 4 0 No 1
1023 36 4 0 No 1
1024 36 3 0 Yes 1
1025 36 4 0 No 1
1026 36 3 0 No 1
1027 36 3 0 No 1
1028 36 7 0 No 1
1029 36 112 1089 Yes 1
1030 36 4 0 No 1
1031 36 3 0 No 1
1032 36 3 0 No 1
1033 36 3 0 No 1
1034 36 11 0 No 1
1035 36 3 0 No 1
1036 36 1026 783 Yes 1
1037 36 4 0 No 1
1038 36 4 0 No 1
1039 36 6 0 No 1
1040 36 3 0 No 1
1041 36 38 1088 Yes 1
1042 36 12 0 No 1
1043 36 4 0 No 1
1044 36 9 0 No 1
1045 37 3 0 No 1
1046 37 4 0 No 1
1047 37 9 0 No 1
1048 37 4 0 No 1
1049 37 3 0 No 1
1050 37 5 0 No 1
1051 37 5 0 Yes 1
1052 37 3 0 No 1
1053 37 9 0 No 1
1054 37 20 0 No 1
1055 37 3 0 Yes 1
1056 37 4 0 No 1
1057 37 3 0 No 1
1058 37 4 0 No 1
1059 37 83 0 No 1
1060 37 9 0 No 1
1061 37 4 0 No 1
1062 37 14 0 No 1
1063 37 3 0 No 1
1064 37 4 0 No 1
1065 37 6 0 No 1
1066 37 3 0 No 1
1067 37 3 0 No 1
1068 37 8 0 No 1
1069 37 5 0 No 1
1070 37 7 0 No 1
1071 37 3 0 No 1
1072 37 3 0 No 1
1073 37 6 0 No 1
1074 37 5 0 No 1
1075 38 29 0 No 1
1076 38 35 1369 Yes 1
1077 38 3 0 No 1
1078 38 8 0 No 1
1079 38 4 0 No 1
1080 38 4 0 No 1
1081 38 3 0 No 1
1082 38 25 0 No 1
1083 38 3 0 No 1
1084 38 6 0 No 1
1085 38 4 0 No 1
1086 38 12 0 No 1
1087 38 12 0 No 1
1088 38 6 0 No 1
1089 38 5 0 No 1
1090 38 12 0 No 1
1091 38 6 0 No 1
1092 38 3 0 No 1
1093 38 33 1297 Yes 1
1094 38 3 0 No 1
1095 38 7 0 No 1
1096 38 8 0 No 1
1097 38 8 0 No 1
1098 38 7 0 No 1
1099 38 17 0 No 1
1100 38 8 0 No 1
1101 38 7 0 No 1
1102 38 4 0 No 1
1103 38 3 0 No 1
1104 38 13 0 No 1
1105 39 3 0 No 1
1106 39 7 0 No 1
1107 39 3 0 No 1
1108 39 4 0 No 1
1109 39 5 0 No 1
1110 39 11 0 No 1
1111 39 8 0 No 1
1112 39 4 0 No 1
1113 39 10 0 No 1
1114 39 3 0 No 1
1115 39 5 0 No 1
1116 39 3 0 No 1
1117 39 3 0 No 1
1118 39 108 1110 Yes 1
1119 39 9 0 No 1
1120 39 7 0 No 1
1121 39 24 0 No 1
1122 39 3 0 No 1
1123 39 7 0 No 1
1124 39 4 0 No 1
1125 39 91 0 No 1
1126 39 5 0 No 1
1127 39 3 0 No 1
1128 39 2615 6 No -1
1129 39 3 0 No 1
1130 39 5 0 No 1
1131 39 6 0 No 1
1132 39 3 0 No 1
1133 39 5 0 No 1
1134 39 33 0 No 1
1135 40 26 0 No 1
1136 40 3 0 No 1
1137 40 4 0 No 1
1138 40 7 0 No 1
1139 40 3 0 No 1
1140 40 4 0 No 1
1141 40 3 0 No 1
1142 40 3 0 No 1
1143 40 12 0 No 1
1144 40 5 0 No 1
1145 40 7 0 No 1
1146 40 4 0 No 1
1147 40 5 0 No 1
1148 40 6 0 No 1
1149 40 6 0 No 1
1150 40 3 0 No 1
1151 40 11 0 No 1
1152 40 7 0 No 1
1153 40 3 0 No 1
1154 40 3 0 No 1
1155 40 3 0 No 1
1156 40 7 0 No 1
1157 40 3 0 No 1
1158 40 12 0 No 1
1159 40 3 0 No 1
1160 40 4 0 No 1
1161 40 33 0 Yes 1
1162 40 3 0 No 1
1163 40 3 0 No 1
1164 40 7 0 No 1
1165 41 27 0 No 1
1166 41 14 0 No 1
1167 41 4 0 No 1
1168 41 6 0 No 1
1169 41 5 0 No 1
1170 41 4 0 No 1
1171 41 6 0 No 1
1172 41 49 0 No 1
1173 41 25 0 No 1
1174 41 3 0 No 1
1175 41 3 0 No 1
1176 41 3 0 No 1
1177 41 3 0 No 1
1178 41 4 0 No 1
1179 41 3 0 No 1
1180 41 4 0 No 1
1181 41 3 0 No 1
1182 41 9 0 No 1
1183 41 8 0 No 1
1184 41 3 0 No 1
1185 41 3 0 No 1
1186 41 48 0 No 1
1187 41 4 0 No 1
1188 41 4 0 No 1
1189 41 3 0 No 1
1190 41 3 0 No 1
1191 41 3 0 No 1
1192 41 4 0 No 1
1193 41 49 0 No 1
1194 41 3 0 No 1
1195 42 3 0 No 1
1196 42 4 0 No 1
1197 42 3 0 No 1
1198 42 3 0 No 1
1199 42 9 2 Yes 1
1200 42 3 0 No 1
1201 42 7 0 No 1
1202 42 14 0 No 1
1203 42 4 0 No 1
1204 42 3 0 No 1
1205 42 394 0 No 1
1206 42 3 0 No 1
1207 42 10 0 No 1
1208 42 3 0 No 1
1209 42 4 0 No 1
1210 42 3 0 No 1
1211 42 13 2 No -1
1212 42 16 0 No 1
1213 42 3 0 No 1
1214 42 244 1360 Yes 1
1215 42 161 12 No -1
1216 42 3 0 No 1
1217 42 4 0 No 1
1218 42 427 2 No -1
1219 42 3 0 No 1
1220 42 3 0 No 1
1221 42 3 0 No 1
1222 42 76 20 No -1
1223 42 3 0 No 1
1224 42 3 0 No 1
1225 43 3 0 No 1
1226 43 6 0 No 1
1227 43 36 6 No -1
1228 43 12 0 No 1
1229 43 27 2 No -1
1230 43 7 0 No 1
1231 43 3 0 No 1
1232 43 14 2 No -1
1233 43 88 12 No -1
1234 43 7 0 No 1
1235 43 4 0 No 1
1236 43 3 0 No 1
1237 43 3 0 No 1
1238 43 14 2 No -1
1239 43 4 0 No 1
1240 43 17 0 No 1
1241 43 7 0 No 1
1242 43 8 0 No 1
1243 43 6 0 No 1
1244 43 15 0 No 1
1245 43 72 1477 Yes 1
1246 43 6 0 No 1
1247 43 4 0 No 1
1248 43 3 0 No 1
1249 43 5 0 No 1
1250 43 13 0 No 1
1251 43 4 0 No 1
1252 43 9 0 No 1
1253 43 3 0 No 1
1254 44 12 0 No 1
1255 44 4 0 No 1
1256 44 22 0 No 1
1257 44 4 0 No 1
1258 44 3 0 No 1
1259 44 34 1807 Yes 1
1260 44 42 12 No -1
1261 44 4 0 No 1
1262 44 4 0 No 1
1263 44 3 0 No 1
1264 44 7 0 No 1
1265 44 7 0 No 1
1266 44 9 0 No 1
1267 44 3 0 No 1
1268 44 4 0 No 1
1269 44 4 0 No 1
1270 44 4 0 No 1
1271 44 3 0 No 1
1272 44 11 0 No 1
1273 44 4 0 No 1
1274 44 4 0 No 1
1275 44 5 0 No 1
1276 44 9 0 No 1
1277 44 7 0 No 1
1278 44 5 0 No 1
1279 44 6 0 No 1
1280 44 3 0 No 1
1281 44 4 0 No 1
1282 44 18 0 No 1
1283 44 4 0 No 1
1284 45 19 6 No -1
1285 45 8 0 No 1
1286 45 65 0 No 1
1287 45 3 0 No 1
1288 45 13 0 No 1
1289 45 3 0 No 1
1290 45 40 0 No 1
1291 45 10 20 Yes 1
1292 45 3 0 No 1
1293 45 3 0 No 1
1294 45 3 0 No 1
1295 45 3 0 No 1
1296 45 3 0 No 1
1297 45 4 0 No 1
1298 45 4 0 No 1
1299 45 3 0 No 1
1300 45 3 0 No 1
1301 45 3 0 No 1
1302 45 5 0 No 1
1303 45 13 0 No 1
1304 45 3 0 No 1
1305 45 3 0 No 1
1306 45 3 0 No 1
1307 45 124 12 No -1
1308 45 4 0 No 1
1309 45 3 0 No 1
1310 45 8 0 No 1
1311 45 3 0 No 1
1312 45 3 0 No 1
1313 45 31 0 No 1
1314 46 87 1497 Yes 1
1315 46 3 0 No 1
1316 46 7 0 No 1
1317 46 78 1717 Yes 1
1318 46 6 0 No 1
1319 46 10 0 No 1
1320 46 4 0 No 1
1321 46 23 0 No 1
1322 46 4 0 No 1
1323 46 4 0 No 1
1324 46 10 0 No 1
1325 46 5 0 No 1
1326 46 16 0 No 1
1327 46 6 0 No 1
1328 46 10 0 No 1
1329 46 3 0 No 1
1330 46 7 0 No 1
1331 46 7 0 No 1
1332 46 3 0 No 1
1333 46 3 0 No 1
1334 46 4 0 No 1
1335 46 4 0 No 1
1336 46 121 2 No -1
1337 46 3 0 No 1
1338 46 9 0 No 1
1339 46 64 2 No -1
1340 46 9 0 No 1
1341 46 5 0 No 1
1342 46 4 0 No 1
1343 46 4 0 No 1
1344 47 3 0 No 1
1345 47 8 0 No 1
1346 47 4 0 No 1
1347 47 3 0 No 1
1348 47 15 0 No 1
1349 47 33 0 No 1
1350 47 4 0 No 1
1351 47 3 0 No 1
1352 47 3 0 No 1
1353 47 3 0 No 1
1354 47 10 0 No 1
1355 47 3 0 No 1
1356 47 5 0 No 1
1357 47 3 0 No 1
1358 47 3 0 No 1
1359 47 3 0 No 1
1360 47 3 0 No 1
1361 47 11 0 No 1
1362 47 8 0 No 1
1363 47 3 0 No 1
1364 47 7 0 No 1
1365 47 3 0 No 1
1366 47 4 0 No 1
1367 47 3 0 No 1
1368 47 47 12 No -1
1369 47 3 0 No 1
1370 47 4 0 No 1
1371 47 3 0 No 1
1372 47 4 0 No 1
1373 47 3 0 No 1
1374 48 4 0 No 1
1375 48 4 0 No 1
1376 48 3 0 No 1
1377 48 3 0 No 1
1378 48 4 0 No 1
1379 48 3 0 No 1
1380 48 7 0 No 1
1381 48 5 0 No 1
1382 48 3 0 No 1
1383 48 7 0 No 1
1384 48 3 0 No 1
1385 48 4 0 No 1
1386 48 12 0 No 1
1387 48 3 0 No 1
1388 48 3 0 No 1
1389 48 9 0 No 1
1390 48 15 0 No 1
1391 48 7 0 No 1
1392 48 9 0 No 1
1393 48 5 0 No 1
1394 48 7 0 No 1
1395 48 3 0 No 1
1396 48 3 0 No 1
1397 48 3 0 No 1
1398 48 3 0 No 1
1399 48 3 0 No 1
1400 48 3 0 No 1
1401 48 6 0 No 1
1402 48 7 0 No 1
1403 48 3 0 No 1
1404 49 4 0 No 1
1405 49 3 0 No 1
1406 49 9 0 No 1
1407 49 9 0 No 1
1408 49 34 12 No -1
1409 49 4 0 No 1
1410 49 6 0 No 1
1411 49 3 0 No 1
1412 49 4 0 No 1
1413 49 4 0 No 1
1414 49 19 0 No 1
1415 49 29 0 No 1
1416 49 4 0 No 1
1417 49 3 0 No 1
1418 49 4 0 No 1
1419 49 13 0 No 1
1420 49 3 0 No 1
1421 49 4 0 No 1
1422 49 3 0 No 1
1423 49 26 2 No -1
1424 49 3 0 No 1
1425 49 3 0 No 1
1426 49 4 0 No 1
1427 49 21 0 No 1
1428 49 3 0 No 1
1429 49 3 0 No 1
1430 49 3 0 No 1
1431 49 3 0 No 1
1432 49 3 0 No 1
1433 49 6 0 No 1
1434 50 4 0 No 1
1435 50 3 0 No 1
1436 50 3 0 No 1
1437 50 4 0 No 1
1438 50 5 0 No 1
1439 50 7 0 No 1
1440 50 72 6 No -1
1441 50 6 0 No 1
1442 50 4 0 No 1
1443 50 4 0 No 1
1444 50 3 0 No 1
1445 50 7 0 No 1
1446 50 3 0 No 1
1447 50 3 0 No 1
1448 50 346 1921 Yes 1
1449 50 4 0 No 1
1450 50 3 0 No 1
1451 50 3 0 No 1
1452 50 5 0 No 1
1453 50 18 0 No 1
1454 50 9 0 No 1
1455 50 5 0 No 1
1456 50 4 0 No 1
1457 50 3 0 No 1
1458 50 4 0 No 1
1459 50 11 0 No 1
1460 50 4 0 No 1
1461 50 6 0 No 1
1462 50 15 0 No 1
1463 50 4 0 No 1
1464 51 4 0 No 1
1465 51 3 0 No 1
1466 51 3 0 No 1
1467 51 3 0 No 1
1468 51 5 0 No 1
1469 51 3 0 No 1
1470 51 30 0 No 1
1471 51 6 0 No 1
1472 51 3 0 No 1
1473 51 7 0 No 1
1474 51 3 0 No 1
1475 51 4 0 No 1
1476 51 11 0 No 1
1477 51 16 0 No 1
1478 51 6 0 No 1
1479 51 3 0 No 1
1480 51 7 0 No 1
1481 51 3 0 No 1
1482 51 3 0 No 1
1483 51 4 0 No 1
1484 51 6 0 No 1
1485 51 3 0 No 1
1486 51 11 0 No 1
1487 51 3 0 No 1
1488 51 12 0 No 1
1489 51 128 30 No -1
1490 51 19 0 No 1
1491 51 3 0 No 1
1492 51 3 0 No 1
1493 51 5 0 No 1
1494 52 7 0 No 1
1495 52 17 0 No 1
1496 52 3 0 No 1
1497 52 3 0 No 1
1498 52 19 0 No 1
1499 52 43 0 No 1
1500 52 4 0 No 1
1501 52 468 56 No -1
1502 52 4 0 No 1
1503 52 3 0 No 1
1504 52 3 0 No 1
1505 52 3 0 No 1
1506 52 7 0 No 1
1507 52 3 0 No 1
1508 52 3 0 No 1
1509 52 6 0 No 1
1510 52 3 0 No 1
1511 52 7 0 No 1
1512 52 12 0 No 1
1513 52 3 0 No 1
1514 52 8 0 No 1
1515 52 3 0 No 1
1516 52 3 0 No 1
1517 52 5 0 No 1
1518 52 9 0 No 1
1519 52 4 0 No 1
1520 52 3 0 No 1
1521 52 3 0 No 1
1522 52 6 0 No 1
1523 53 6 0 No 1
1524 53 4 0 No 1
1525 53 118 2500 Yes 1
1526 53 5 0 No 1
1527 53 3 0 No 1
1528 53 50 30 Yes 1
1529 53 7 0 No 1
1530 53 3 0 No 1
1531 53 4 0 No 1
1532 53 4 0 No 1
1533 53 7 0 No 1
1534 53 3 0 No 1
1535 53 3 0 No 1
1536 53 3 0 No 1
1537 53 4 0 No 1
1538 53 3 0 No 1
1539 53 5 0 No 1
1540 53 7 0 No 1
1541 53 3 0 No 1
1542 53 8 0 No 1
1543 53 12 20 Yes 1
1544 53 3 0 No 1
1545 53 4 0 No 1
1546 53 3 0 No 1
1547 53 15 0 No 1
1548 53 3 0 No 1
1549 53 7 0 No 1
1550 53 3 0 No 1
1551 53 3 0 No 1
1552 53 8 0 No 1
1553 54 3 0 No 1
1554 54 65 6 No -1
1555 54 4 0 No 1
1556 54 27 2 No -1
1557 54 4 0 No 1
1558 54 3 0 No 1
1559 54 3 0 No 1
1560 54 4 0 No 1
1561 54 7 0 No 1
1562 54 11 0 Yes 1
1563 54 5 0 No 1
1564 54 22 0 No 1
1565 54 6 0 No 1
1566 54 10 0 No 1
1567 54 3 0 No 1
1568 54 6 0 No 1
1569 54 3 0 No 1
1570 54 25 0 No 1
1571 54 7 0 No 1
1572 54 3 0 No 1
1573 54 3 0 No 1
1574 54 3 0 No 1
1575 54 3 0 No 1
1576 54 5 0 No 1
1577 54 3 0 No 1
1578 54 3 0 No 1
1579 54 9 0 No 1
1580 54 3 0 No 1
1581 54 3 0 No 1
1582 54 3 0 No 1
1583 55 3 0 No 1
1584 55 5 0 No 1
1585 55 4 0 No 1
1586 55 3 0 No 1
1587 55 7 0 No 1
1588 55 7 0 No 1
1589 55 7 0 No 1
1590 55 4 0 No 1
1591 55 7 0 No 1
1592 55 26 0 No 1
1593 55 3 0 No 1
1594 55 7 0 No 1
1595 55 29 2863 Yes 1
1596 55 6 0 No 1
1597 55 4 0 No 1
1598 55 3 0 No 1
1599 55 3 0 No 1
1600 55 3 0 No 1
1601 55 3 0 No 1
1602 55 6 0 No 1
1603 55 3 0 No 1
1604 55 5 0 No 1
1605 55 3 0 No 1
1606 55 4 0 No 1
1607 55 3 0 No 1
1608 55 4 0 No 1
1609 55 3 0 No 1
1610 55 4 0 No 1
1611 55 3 0 No 1
1612 55 3 0 No 1
1613 56 6 0 No 1
1614 56 3 0 No 1
1615 56 3 0 No 1
1616 56 3 0 No 1
1617 56 3 0 No 1
1618 56 4 0 No 1
1619 56 3 0 No 1
1620 56 3 0 No 1
1621 56 3 0 No 1
1622 56 3 0 No 1
1623 56 5 0 No 1
1624 56 6 0 No 1
1625 56 8 0 No 1
1626 56 7 0 No 1
1627 56 4 0 No 1
1628 56 4 0 No 1
1629 56 3 0 No 1
1630 56 9 0 No 1
1631 56 7 0 No 1
1632 56 2 0 No 1
1633 56 4 0 No 1
1634 56 3 0 No 1
1635 56 3 0 No 1
1636 56 3 0 No 1
1637 56 3 0 No 1
1638 56 3 0 No 1
1639 56 3 0 No 1
1640 56 10 0 No 1
1641 56 3 0 No 1
1642 56 4 0 No 1
1643 57 35 20 No -1
1644 57 3 0 No 1
1645 57 3 0 No 1
1646 57 3 0 No 1
1647 57 5 0 No 1
1648 57 3 0 No 1
1649 57 20 0 No 1
1650 57 3 0 No 1
1651 57 9 0 No 1
1652 57 7 0 No 1
1653 57 4 0 No 1
1654 57 6 0 No 1
1655 57 47 6 No -1
1656 57 4 0 No 1
1657 57 4 0 No 1
1658 57 3 0 No 1
1659 57 3 0 No 1
1660 57 4 0 No 1
1661 57 3 0 No 1
1662 57 7 0 No 1
1663 57 5 0 No 1
1664 57 3 0 No 1
1665 57 4 0 No 1
1666 57 53 12 No -1
1667 57 3 0 No 1
1668 57 3 0 No 1
1669 57 8 0 No 1
1670 57 3 0 No 1
1671 57 7 0 No 1
1672 57 3 0 No 1
1673 58 7 0 No 1
1674 58 3 0 No 1
1675 58 7 0 No 1
1676 58 125 72 No -1
1677 58 12 0 No 1
1678 58 4 0 No 1
1679 58 3 0 No 1
1680 58 3 0 No 1
1681 58 4 0 No 1
1682 58 1832 2745 Yes 1
1683 58 5 0 No 1
1684 58 3 0 No 1
1685 58 97 0 No 1
1686 58 6 0 No 1
1687 58 3 0 No 1
1688 58 4 0 No 1
1689 58 3 0 No 1
1690 58 3 0 No 1
1691 58 4 0 No 1
1692 58 3 0 No 1
1693 58 3 0 No 1
1694 58 4 0 No 1
1695 58 22 30 No -1
1696 58 3 0 No 1
1697 58 4 0 No 1
1698 58 4 0 No 1
1699 58 3 0 No 1
1700 58 3 0 No 1
1701 58 3 0 No 1
1702 58 3 0 Yes 1
1703 59 3 0 No 1
1704 59 4 0 No 1
1705 59 3 0 No 1
1706 59 7 0 No 1
1707 59 3 0 No 1
1708 59 4 0 No 1
1709 59 13 0 No 1
1710 59 3 0 No 1
1711 59 129 90 No -1
1712 59 7 0 No 1
1713 59 60 30 No -1
1714 59 4 0 No 1
1715 59 9 0 No 1
1716 59 9 0 No 1
1717 59 8 0 No 1
1718 59 3 0 No 1
1719 59 3 0 No 1
1720 59 8 0 No 1
1721 59 4 0 No 1
1722 59 4 0 No 1
1723 59 3 0 No 1
1724 59 3 0 No 1
1725 59 6 0 No 1
1726 59 3 0 No 1
1727 59 4 0 No 1
1728 59 4 0 No 1
1729 59 7 0 No 1
1730 59 3 0 No 1
1731 59 3 0 No 1
1732 59 4 0 No 1
1733 60 3 0 No 1
1734 60 56 0 No 1
1735 60 20 0 No 1
1736 60 17 42 Yes 1
1737 60 3 0 No 1
1738 60 3 0 No 1
1739 60 4 0 No 1
1740 60 4 0 No 1
1741 60 14 30 Yes 1
1742 60 4 0 No 1
1743 60 3 0 No 1
1744 60 3 0 No 1
1745 60 70 30 No -1
1746 60 3 0 No 1
1747 60 8 0 No 1
1748 60 4 0 No 1
1749 60 4 0 No 1
1750 60 4 0 No 1
1751 60 16 0 No 1
1752 60 4 0 No 1
1753 60 6 0 No 1
1754 60 5 0 No 1
1755 60 3 0 No 1
1756 60 8 0 No 1
1757 60 5 0 No 1
1758 60 25 0 Yes 1
1759 60 6 0 No 1
1760 60 4 0 No 1
1761 60 3 0 No 1
1762 60 3 0 No 1
1763 61 5 0 No 1
1764 61 6 0 No 1
1765 61 8 0 No 1
1766 61 3 0 No 1
1767 61 3 0 No 1
1768 61 3 0 No 1
1769 61 10 0 No 1
1770 61 4 0 No 1
1771 61 6 0 No 1
1772 61 4 0 No 1
1773 61 14 0 No 1
1774 61 3 0 No 1
1775 61 5 0 No 1
1776 61 7 0 No 1
1777 61 3 0 No 1
1778 61 3 0 No 1
1779 61 16 0 No 1
1780 61 3 0 No 1
1781 61 3 0 No 1
1782 61 4 0 No 1
1783 61 4 0 No 1
1784 61 4 0 No 1
1785 61 13 0 No 1
1786 61 4 0 No 1
1787 61 3 0 No 1
1788 61 3 0 No 1
1789 61 19 0 No 1
1790 61 3 0 No 1
1791 61 6 0 No 1
1792 61 4 0 No 1
1793 62 9 0 No 1
1794 62 7 0 No 1
1795 62 6 0 No 1
1796 62 3 0 No 1
1797 62 3 0 No 1
1798 62 5 0 No 1
1799 62 4 0 No 1
1800 62 6 0 No 1
1801 62 3 0 No 1
1802 62 5 0 No 1
1803 62 3 0 No 1
1804 62 3 0 No 1
1805 62 3 0 No 1
1806 62 4 0 No 1
1807 62 6 0 No 1
1808 62 7 0 No 1
1809 62 4 0 No 1
1810 62 7 0 No 1
1811 62 4 0 No 1
1812 62 3 0 No 1
1813 62 3 0 No 1
1814 62 4 0 No 1
1815 62 88 30 No -1
1816 62 18 0 No 1
1817 62 6 0 No 1
1818 62 5 0 No 1
1819 62 3 0 No 1
1820 62 6 0 No 1
1821 62 52 12 No -1
1822 62 4 0 No 1
1823 63 7 0 No 1
1824 63 3 0 No 1
1825 63 4 0 No 1
1826 63 4 0 No 1
1827 63 3 0 No 1
1828 63 3 0 No 1
1829 63 10 0 No 1
1830 63 3 0 No 1
1831 63 4 0 No 1
1832 63 12 0 No 1
1833 63 9 0 No 1
1834 63 3 0 No 1
1835 63 7 0 No 1
1836 63 7 0 No 1
1837 63 3 0 No 1
1838 63 3 0 No 1
1839 63 3 0 No 1
1840 63 6 0 No 1
1841 63 7 30 Yes 1
1842 63 7 0 No 1
1843 63 6 0 No 1
1844 63 4 0 No 1
1845 63 38 0 No 1
1846 63 3 0 No 1
1847 63 23 0 No 1
1848 63 4 0 No 1
1849 63 6 0 No 1
1850 63 3 0 No 1
1851 63 9 0 No 1
1852 63 7 0 No 1
1853 64 7 0 No 1
1854 64 3 0 No 1
1855 64 6 0 No 1
1856 64 3 0 No 1
1857 64 5 0 No 1
1858 64 7 0 No 1
1859 64 24 30 Yes 1
1860 64 3 0 No 1
1861 64 13 0 No 1
1862 64 16 0 No 1
1863 64 5 0 No 1
1864 64 4 0 No 1
1865 64 4 0 No 1
1866 64 4 0 No 1
1867 64 22 0 No 1
1868 64 3 0 No 1
1869 64 4 0 No 1
1870 64 3 0 No 1
1871 64 4 0 No 1
1872 64 5 0 No 1
1873 64 3 0 No 1
1874 64 7 0 No 1
1875 64 3 0 No 1
1876 64 6 0 No 1
1877 64 7 0 No 1
1878 64 7 0 No 1
1879 64 3 0 No 1
1880 64 4 0 No 1
1881 64 3 0 No 1
1882 64 3 0 Yes 1
1883 65 3 0 No 1
1884 65 7 0 No 1
1885 65 4 0 No 1
1886 65 7 0 No 1
1887 65 3 0 No 1
1888 65 3 0 No 1
1889 65 3 0 No 1
1890 65 4 0 No 1
1891 65 3 0 No 1
1892 65 3 0 No 1
1893 65 3 0 No 1
1894 65 3 0 No 1
1895 65 4 0 No 1
1896 65 3 0 No 1
1897 65 3 0 No 1
1898 65 4 0 No 1
1899 65 3 0 No 1
1900 65 6 0 No 1
1901 65 5 0 No 1
1902 65 3 0 No 1
1903 65 3 0 No 1
1904 65 3 0 No 1
1905 65 4 0 No 1
1906 65 3 0 No 1
1907 65 3 0 No 1
1908 65 5 0 No 1
1909 65 28 0 No 1
1910 65 31 6 No -1
1911 65 3 0 No 1
1912 65 3 0 No 1
1913 66 3 0 No 1
1914 66 8 0 No 1
1915 66 7 0 No 1
1916 66 3 0 No 1
1917 66 4 0 No 1
1918 66 3 0 No 1
1919 66 3 0 No 1
1920 66 3 0 No 1
1921 66 3 0 No 1
1922 66 3 0 No 1
1923 66 9 0 No 1
1924 66 43 90 No -1
1925 66 4 0 No 1
1926 66 4 0 No 1
1927 66 3 0 No 1
1928 66 6 0 No 1
1929 66 3 0 No 1
1930 66 3 0 No 1
1931 66 3 0 No 1
1932 66 6 0 No 1
1933 66 6 0 No 1
1934 66 3 0 No 1
1935 66 6 0 No 1
1936 66 3 0 No 1
1937 66 3 0 No 1
1938 66 4 0 No 1
1939 66 6 0 No 1
1940 66 41 0 No 1
1941 66 7 0 No 1
1942 66 3 0 No 1
1943 67 4 0 No 1
1944 67 3 0 No 1
1945 67 3 0 No 1
1946 67 3 0 No 1
1947 67 3 0 No 1
1948 67 3 0 No 1
1949 67 3 0 No 1
1950 67 3 0 No 1
1951 67 4 0 No 1
1952 67 3 0 No 1
1953 67 3 0 Yes 1
1954 67 4 0 No 1
1955 67 3 0 No 1
1956 67 3 0 No 1
1957 67 3 0 No 1
1958 67 8 0 No 1
1959 67 3 0 No 1
1960 67 4 0 No 1
1961 67 12 0 No 1
1962 67 4 0 No 1
1963 67 3 0 No 1
1964 67 6 0 No 1
1965 67 3 0 No 1
1966 67 4 0 No 1
1967 67 3 0 No 1
1968 67 29 0 No 1
1969 67 3 0 No 1
1970 67 3 0 No 1
1971 67 3 0 No 1
1972 67 3 0 No 1
1973 68 7 0 No 1
1974 68 3 0 No 1
1975 68 3 0 No 1
1976 68 4 0 No 1
1977 68 6 0 No 1
1978 68 4 0 No 1
1979 68 3 0 No 1
1980 68 7 0 No 1
1981 68 4 0 No 1
1982 68 3 0 No 1
1983 68 4 0 No 1
1984 68 10 0 No 1
1985 68 6 0 No 1
1986 68 7 42 Yes 1
1987 68 3 0 No 1
1988 68 3 0 No 1
1989 68 10 0 No 1
1990 68 3 0 No 1
1991 68 3 0 No 1
1992 68 4 0 No 1
1993 68 4 0 No 1
1994 68 7 0 No 1
1995 68 7 0 No 1
1996 68 3 0 No 1
1997 68 5 0 No 1
1998 68 3 0 No 1
1999 68 3 0 No 1
2000 68 3 0 No 1
2001 68 20 2 No -1
2002 68 3 0 No 1
2003 69 7 0 No 1
2004 69 4 0 No 1
2005 69 3 0 No 1
2006 69 3 0 No 1
2007 69 14 0 No 1
2008 69 3 0 No 1
2009 69 12 0 No 1
2010 69 20 2 No -1
2011 69 3 0 No 1
2012 69 3 0 No 1
2013 69 3 0 No 1
2014 69 21 0 No 1
2015 69 4 0 No 1
2016 69 34 2 No -1
2017 69 7 0 No 1
2018 69 4 0 No 1
2019 69 30 42 No -1
2020 69 7 0 No 1
2021 69 35 20 No -1
2022 69 5 0 No 1
2023 69 3 0 No 1
2024 69 3 0 No 1
2025 69 4 0 No 1
2026 69 12 0 No 1
2027 69 8 0 No 1
2028 69 4 0 No 1
2029 69 3 0 No 1
2030 69 3 0 No 1
2031 69 11 0 No 1
2032 69 22 6 No -1
2033 70 3 0 No 1
2034 70 9 0 No 1
2035 70 3 0 No 1
2036 70 49 30 No -1
2037 70 9 0 No 1
2038 70 3 0 No 1
2039 70 3 0 No 1
2040 70 3 0 No 1
2041 70 3 0 No 1
2042 70 6 0 No 1
2043 70 23 0 No 1
2044 70 4 0 No 1
2045 70 4 0 No 1
2046 70 3 0 No 1
2047 70 3 0 No 1
2048 70 3 0 No 1
2049 70 82 90 No -1
2050 70 13 0 No 1
2051 70 4 0 No 1
2052 70 3 0 No 1
2053 70 3 0 No 1
2054 70 3 0 No 1
2055 70 3 0 No 1
2056 70 3 0 No 1
2057 70 95 4149 Yes 1
2058 70 3 0 No 1
2059 70 7 0 No 1
2060 70 3 0 No 1
2061 70 6 0 No 1
2062 70 4 0 No 1
2063 71 3 0 No 1
2064 71 7 0 No 1
2065 71 3 0 No 1
2066 71 4 0 No 1
2067 71 6 0 No 1
2068 71 3 0 No 1
2069 71 8 0 No 1
2070 71 3 0 No 1
2071 71 3 0 No 1
2072 71 9 0 No 1
2073 71 3 0 No 1
2074 71 9 0 No 1
2075 71 3 0 No 1
2076 71 3 0 No 1
2077 71 14 0 No 1
2078 71 7 0 No 1
2079 71 3 0 No 1
2080 71 3 0 No 1
2081 71 16 0 Yes 1
2082 71 4 0 No 1
2083 71 6 0 No 1
2084 71 3 0 No 1
2085 71 9 0 No 1
2086 71 4 0 No 1
2087 71 6 0 No 1
2088 71 46 42 No -1
2089 71 5 0 No 1
2090 71 68 56 No -1
2091 71 3 0 No 1
2092 71 8 0 No 1
2093 72 3 0 No 1
2094 72 3 0 No 1
2095 72 4 0 No 1
2096 72 111 272 No -1
2097 72 3 0 No 1
2098 72 3 0 No 1
2099 72 4 0 No 1
2100 72 3 0 No 1
2101 72 3 0 No 1
2102 72 8 0 No 1
2103 72 7 0 No 1
2104 72 4 0 No 1
2105 72 3 0 No 1
2106 72 3 0 No 1
2107 72 3 0 No 1
2108 72 3 0 No 1
2109 72 3 0 No 1
2110 72 8 0 No 1
2111 72 3 0 No 1
2112 72 11 6 Yes 1
2113 72 61 56 No -1
2114 72 10 0 No 1
2115 72 4 0 No 1
2116 72 7 0 No 1
2117 72 3 0 No 1
2118 72 6 0 No 1
2119 72 3 0 No 1
2120 72 4 0 No 1
2121 72 3 0 No 1
2122 72 8 0 No 1
2123 73 6 0 No 1
2124 73 7 0 No 1
2125 73 7 0 No 1
2126 73 3 0 No 1
2127 73 4 0 No 1
2128 73 3 0 No 1
2129 73 3 0 No 1
2130 73 7 0 No 1
2131 73 3 0 No 1
2132 73 5 0 No 1
2133 73 294 4758 Yes 1
2134 73 12 0 No 1
2135 73 9 0 No 1
2136 73 6 0 No 1
2137 73 3 0 No 1
2138 73 23 0 No 1
2139 73 23 0 No 1
2140 73 17 2 No -1
2141 73 4 0 No 1
2142 73 3 0 No 1
2143 73 3 0 No 1
2144 73 4 0 No 1
2145 73 3 0 No 1
2146 73 4 0 No 1
2147 73 4 0 No 1
2148 73 3 0 No 1
2149 73 3 0 No 1
2150 73 4 0 No 1
2151 73 3 0 No 1
2152 73 5 0 No 1
2153 74 4 0 No 1
2154 74 3 0 No 1
2155 74 3 0 No 1
2156 74 3 0 No 1
2157 74 3 0 No 1
2158 74 4 0 No 1
2159 74 158 56 No -1
2160 74 3 0 No 1
2161 74 3 0 No 1
2162 74 3 0 No 1
2163 74 4 0 No 1
2164 74 4 0 No 1
2165 74 3 0 No 1
2166 74 4 0 No 1
2167 74 4 0 No 1
2168 74 4 0 No 1
2169 74 6 0 No 1
2170 74 4 0 No 1
2171 74 6 0 No 1
2172 74 4 0 No 1
2173 74 7 0 No 1
2174 74 3 0 No 1
2175 74 4 0 No 1
2176 74 3 0 No 1
2177 74 57 0 No 1
2178 74 12 0 No 1
2179 74 3 0 No 1
2180 74 5 0 No 1
2181 74 3 0 No 1
2182 74 12 0 No 1
2183 75 23 0 No 1
2184 75 4 0 No 1
2185 75 3 0 No 1
2186 75 3 0 No 1
2187 75 3 0 No 1
2188 75 74 4322 Yes 1
2189 75 22 20 Yes 1
2190 75 3 0 No 1
2191 75 3 0 No 1
2192 75 3 0 No 1
2193 75 504 6 No -1
2194 75 3 0 No 1
2195 75 3 0 No 1
2196 75 24 2 No -1
2197 75 6 0 No 1
2198 75 4 0 No 1
2199 75 3 0 No 1
2200 75 6 0 No 1
2201 75 29 0 No 1
2202 75 3 0 No 1
2203 75 3 0 No 1
2204 75 4 0 No 1
2205 75 4 0 No 1
2206 75 157 132 No -1
2207 75 4 0 No 1
2208 75 3 0 No 1
2209 75 3 0 No 1
2210 75 7 0 No 1
2211 75 12 0 No 1
2212 75 6 0 No 1
2213 76 6 0 No 1
2214 76 3 0 No 1
2215 76 49 132 No -1
2216 76 5 0 No 1
2217 76 3 0 No 1
2218 76 3 0 No 1
2219 76 3 0 No 1
2220 76 7 0 No 1
2221 76 7 0 No 1
2222 76 8 0 No 1
2223 76 3 0 No 1
2224 76 4 0 No 1
2225 76 4 0 No 1
2226 76 5 0 No 1
2227 76 3 0 No 1
2228 76 3 0 No 1
2229 76 4 0 No 1
2230 76 53 90 No -1
2231 76 33 0 No 1
2232 76 3 0 No 1
2233 76 3 0 No 1
2234 76 3 0 No 1
2235 76 3 0 No 1
2236 76 3 0 No 1
2237 76 5 0 No 1
2238 76 4 0 No 1
2239 76 3 0 No 1
2240 76 7 0 No 1
2241 76 9 0 No 1
2242 76 18 0 No 1
2243 77 3 0 No 1
2244 77 3 0 No 1
2245 77 9 0 No 1
2246 77 4 0 No 1
2247 77 3 0 No 1
2248 77 3 0 No 1
2249 77 4 0 No 1
2250 77 7 0 No 1
2251 77 3 0 No 1
2252 77 6 0 No 1
2253 77 3 0 No 1
2254 77 3 0 No 1
2255 77 3 0 No 1
2256 77 3 0 No 1
2257 77 68 2 No -1
2258 77 4 0 No 1
2259 77 3 0 No 1
2260 77 3 0 No 1
2261 77 3 0 No 1
2262 77 3 0 No 1
2263 77 50 0 No 1
2264 77 55 30 No -1
2265 77 71 20 No -1
2266 77 5 0 No 1
2267 77 3 0 No 1
2268 77 3 0 No 1
2269 77 4 0 No 1
2270 77 3 0 No 1
2271 77 4 0 No 1
2272 77 3 0 No 1
2273 78 3 0 No 1
2274 78 3 0 No 1
2275 78 3 0 No 1
2276 78 3 0 No 1
2277 78 3 0 No 1
2278 78 4 0 No 1
2279 78 3 0 No 1
2280 78 7 0 No 1
2281 78 163 42 No -1
2282 78 21 12 No -1
2283 78 4 0 No 1
2284 78 4 0 No 1
2285 78 3 0 No 1
2286 78 3 0 No 1
2287 78 3 0 No 1
2288 78 4 0 No 1
2289 78 3 0 No 1
2290 78 3 0 No 1
2291 78 4 0 No 1
2292 78 42 5321 Yes 1
2293 78 4 0 No 1
2294 78 12 0 No 1
2295 78 3 0 No 1
2296 78 3 0 Yes 1
2297 78 7 0 No 1
2298 78 18 0 No 1
2299 78 4 0 No 1
2300 78 3 0 No 1
2301 78 7 0 No 1
2302 78 3 0 No 1
2303 79 3 0 No 1
2304 79 3 0 No 1
2305 79 3 0 No 1
2306 79 9 0 No 1
2307 79 7 0 No 1
2308 79 4 0 No 1
2309 79 42 42 No -1
2310 79 7 0 No 1
2311 79 6 0 No 1
2312 79 3 0 No 1
2313 79 3 0 No 1
2314 79 3 0 No 1
2315 79 4 0 No 1
2316 79 8 0 No 1
2317 79 3 0 No 1
2318 79 3 0 No 1
2319 79 3 0 No 1
2320 79 3 0 No 1
2321 79 40 12 No -1
2322 79 3 0 No 1
2323 79 129 5169 Yes 1
2324 79 3 0 No 1
2325 79 3 0 No 1
2326 79 3 0 No 1
2327 79 3 0 No 1
2328 79 4 0 No 1
2329 79 6 0 No 1
2330 79 4 0 No 1
2331 79 3 0 No 1
2332 79 11 0 No 1
2333 80 4 0 No 1
2334 80 4 0 No 1
2335 80 5 0 No 1
2336 80 7 0 No 1
2337 80 3 0 No 1
2338 80 3 0 No 1
2339 80 7 0 No 1
2340 80 4 0 No 1
2341 80 3 0 No 1
2342 80 3 0 No 1
2343 80 3 0 No 1
2344 80 81 110 No -1
2345 80 5 0 No 1
2346 80 3 0 No 1
2347 80 3 0 No 1
2348 80 4 0 No 1
2349 80 6 0 No 1
2350 80 3 0 No 1
2351 80 4 0 No 1
2352 80 25 0 No 1
2353 80 3 0 No 1
2354 80 3 0 No 1
2355 80 3 0 No 1
2356 80 7 0 No 1
2357 80 3 0 No 1
2358 80 4 0 No 1
2359 80 3 0 No 1
2360 80 3 0 No 1
2361 80 3 0 No 1
2362 80 4 0 No 1
2363 81 6 0 No 1
2364 81 3 0 No 1
2365 81 3 0 No 1
2366 81 4 0 No 1
2367 81 32 0 No 1
2368 81 6 0 No 1
2369 81 3 0 No 1
2370 81 3 0 No 1
2371 81 20 0 No 1
2372 81 8 0 No 1
2373 81 7 0 No 1
2374 81 6 0 No 1
2375 81 4 0 No 1
2376 81 7 0 No 1
2377 81 3 0 No 1
2378 81 8 0 No 1
2379 81 3 0 No 1
2380 81 36 6 No -1
2381 81 3 0 No 1
2382 81 17 0 No 1
2383 81 4 0 No 1
2384 81 3 0 No 1
2385 81 3 0 No 1
2386 81 7 0 No 1
2387 81 3 0 No 1
2388 81 8 0 No 1
2389 81 6 0 No 1
2390 81 7 0 No 1
2391 81 3 0 No 1
2392 81 4 0 No 1
2393 82 3 0 No 1
2394 82 3 0 No 1
2395 82 3 0 No 1
2396 82 3 0 No 1
2397 82 3 0 No 1
2398 82 4 0 No 1
2399 82 3 0 No 1
2400 82 3 0 No 1
2401 82 35 6241 Yes 1
2402 82 4 0 No 1
2403 82 9 0 No 1
2404 82 3 0 No 1
2405 82 16 2 No -1
2406 82 3 0 No 1
2407 82 6 0 No 1
2408 82 3 0 No 1
2409 82 4 0 No 1
2410 82 5 0 No 1
2411 82 3 0 No 1
2412 82 3 0 No 1
2413 82 7 0 No 1
2414 82 4 0 No 1
2415 82 38 156 No -1
2416 82 4 0 No 1
2417 82 3 0 No 1
2418 82 3 0 No 1
2419 82 3 0 No 1
2420 82 3 0 No 1
2421 82 3 0 No 1
2422 83 3 0 No 1
2423 83 3 0 No 1
2424 83 3 0 No 1
2425 83 3 0 No 1
2426 83 3 0 No 1
2427 83 3 0 No 1
2428 83 3 0 No 1
2429 83 5 0 No 1
2430 83 8 0 No 1
2431 83 4 0 No 1
2432 83 6 0 No 1
2433 83 4 0 No 1
2434 83 3 0 No 1
2435 83 5 0 No 1
2436 83 9 0 No 1
2437 83 4 0 No 1
2438 83 3 0 No 1
2439 83 4 0 No 1
2440 83 4 0 No 1
2441 83 5 0 No 1
2442 83 7 0 No 1
2443 83 4 0 No 1
2444 83 11 0 No 1
2445 83 3 0 No 1
2446 83 8 0 No 1
2447 83 3 0 No 1
2448 83 4 0 No 1
2449 83 9 0 No 1
2450 83 3 0 No 1
2451 84 3 0 No 1
2452 84 3 0 No 1
2453 84 5 0 No 1
2454 84 3 0 No 1
2455 84 20 0 No 1
2456 84 4 0 No 1
2457 84 3 0 No 1
2458 84 6 0 No 1
2459 84 7 0 No 1
2460 84 7 0 No 1
2461 84 7 12 Yes 1
2462 84 4 0 No 1
2463 84 3 0 No 1
2464 84 3 0 No 1
2465 84 315 182 No -1
2466 84 5 0 No 1
2467 84 3 0 No 1
2468 84 3 0 No 1
2469 84 3 0 No 1
2470 84 3 0 No 1
2471 84 4 0 No 1
2472 84 5 0 No 1
2473 84 4 0 No 1
2474 84 3 0 No 1
2475 84 5 0 No 1
2476 84 3 0 No 1
2477 84 7 0 No 1
2478 84 5 0 No 1
2479 84 3 0 No 1
2480 84 3 0 No 1
2481 85 3 0 No 1
2482 85 19 2 No -1
2483 85 4 0 No 1
2484 85 7 0 No 1
2485 85 3 0 No 1
2486 85 3 0 No 1
2487 85 11 0 No 1
2488 85 3 0 No 1
2489 85 15 0 No 1
2490 85 3 0 No 1
2491 85 9 0 No 1
2492 85 5 0 No 1
2493 85 12 0 No 1
2494 85 10 0 No 1
2495 85 3 0 No 1
2496 85 3 0 No 1
2497 85 3 0 No 1
2498 85 3 0 No 1
2499 85 3 0 No 1
2500 85 4 0 No 1
2501 85 3 0 No 1
2502 85 3 0 No 1
2503 85 3 0 No 1
2504 85 4 0 No 1
2505 85 4 0 No 1
2506 85 7 0 No 1
2507 85 3 0 No 1
2508 85 3 0 No 1
2509 85 7 0 No 1
2510 85 5 0 No 1
2511 86 3 0 No 1
2512 86 3 0 No 1
2513 86 6 0 No 1
2514 86 7 42 Yes 1
2515 86 4 0 No 1
2516 86 3 0 Yes 1
2517 86 6 0 No 1
2518 86 12 0 No 1
2519 86 7 0 No 1
2520 86 3 0 No 1
2521 86 3 0 No 1
2522 86 6 0 No 1
2523 86 18 0 No 1
2524 86 4 0 No 1
2525 86 4 0 No 1
2526 86 28 0 No 1
2527 86 3 0 No 1
2528 86 6 0 No 1
2529 86 4 0 No 1
2530 86 3 0 No 1
2531 86 8 0 No 1
2532 86 3 0 No 1
2533 86 7 0 No 1
2534 86 6 0 No 1
2535 86 7 0 No 1
2536 86 6 0 No 1
2537 86 3 0 No 1
2538 86 6 0 No 1
2539 86 3 0 No 1
2540 86 3 0 No 1
2541 87 7 0 No 1
2542 87 3 0 No 1
2543 87 3 0 No 1
2544 87 4 0 No 1
2545 87 3 0 No 1
2546 87 3 0 No 1
2547 87 9 0 No 1
2548 87 4 0 No 1
2549 87 3 0 No 1
2550 87 3 0 No 1
2551 87 3 0 No 1
2552 87 9 0 No 1
2553 87 3 0 No 1
2554 87 8 0 No 1
2555 87 12 0 No 1
2556 87 4 0 No 1
2557 87 4 0 No 1
2558 87 6 0 No 1
2559 87 3 0 No 1
2560 87 4 0 No 1
2561 87 3 0 No 1
2562 87 3 0 No 1
2563 87 4 0 No 1
2564 87 7 0 No 1
2565 87 3 0 No 1
2566 87 3 0 No 1
2567 87 7 0 No 1
2568 87 3 0 No 1
2569 87 7 0 No 1
2570 87 3 0 No 1
2571 88 15 0 No 1
2572 88 3 0 No 1
2573 88 3 0 No 1
2574 88 4 0 No 1
2575 88 3 0 No 1
2576 88 3 0 No 1
2577 88 4 0 No 1
2578 88 4 0 No 1
2579 88 3 0 No 1
2580 88 3 0 No 1
2581 88 7 0 No 1
2582 88 6 0 No 1
2583 88 4 0 No 1
2584 88 6 0 No 1
2585 88 5 0 No 1
2586 88 6 0 No 1
2587 88 3 0 No 1
2588 88 117 6193 Yes 1
2589 88 4 0 No 1
2590 88 3 0 No 1
2591 88 81 2 No -1
2592 88 8 0 No 1
2593 88 4 0 No 1
2594 88 3 0 No 1
2595 88 13 0 No 1
2596 88 3 0 No 1
2597 88 3 0 No 1
2598 88 6 0 No 1
2599 88 3 0 No 1
2600 88 12 0 No 1
2601 89 3 0 No 1
2602 89 3 0 No 1
2603 89 3 0 No 1
2604 89 15 2 No -1
2605 89 11 0 No 1
2606 89 11 0 No 1
2607 89 3 0 No 1
2608 89 3 0 No 1
2609 89 4 0 No 1
2610 89 15 0 No 1
2611 89 3 0 No 1
2612 89 3 0 No 1
2613 89 3 0 No 1
2614 89 3 0 No 1
2615 89 5 0 Yes 1
2616 89 3 0 No 1
2617 89 3 0 No 1
2618 89 3 0 No 1
2619 89 7 132 Yes 1
2620 89 7 0 No 1
2621 89 3 0 No 1
2622 89 71 72 No -1
2623 89 7 0 No 1
2624 89 3 0 No 1
2625 89 6 0 No 1
2626 89 5 0 No 1
2627 89 4 0 No 1
2628 89 3 0 No 1
2629 89 5 0 No 1
2630 89 95 156 No -1
2631 90 3 0 No 1
2632 90 3 0 No 1
2633 90 5 0 No 1
2634 90 4 0 No 1
2635 90 3 0 No 1
2636 90 3 0 No 1
2637 90 7 0 No 1
2638 90 3 0 No 1
2639 90 3 0 No 1
2640 90 4 0 No 1
2641 90 7 0 No 1
2642 90 3 0 No 1
2643 90 3 0 No 1
2644 90 3 0 No 1
2645 90 3 0 No 1
2646 90 6 0 No 1
2647 90 5 0 No 1
2648 90 3 0 No 1
2649 90 6 0 No 1
2650 90 3 0 No 1
2651 90 4 0 No 1
2652 90 4 0 No 1
2653 90 3 0 No 1
2654 90 4 0 No 1
2655 90 6 0 No 1
2656 90 13 0 No 1
2657 90 3 0 No 1
2658 90 6 0 No 1
2659 90 8 0 No 1
2660 90 5 0 No 1
2661 91 3 0 No 1
2662 91 3 0 No 1
2663 91 7 0 No 1
2664 91 9 0 No 1
2665 91 7 0 No 1
2666 91 4 0 No 1
2667 91 4 0 No 1
2668 91 3 0 No 1
2669 91 10 0 No 1
2670 91 62 7388 Yes 1
2671 91 13 0 No 1
2672 91 3 0 No 1
2673 91 4 0 No 1
2674 91 3 0 No 1
2675 91 103 306 Yes 1
2676 91 11 0 No 1
2677 91 4 0 No 1
2678 91 7 0 No 1
2679 91 4 0 No 1
2680 91 3 0 No 1
2681 91 3 0 No 1
2682 91 3 0 No 1
2683 91 5 0 No 1
2684 91 3 0 No 1
2685 91 3 0 No 1
2686 91 7 0 No 1
2687 91 7 0 No 1
2688 91 4 0 No 1
2689 91 3 0 No 1
2690 91 3 0 No 1
2691 92 3 0 No 1
2692 92 6 0 No 1
2693 92 3 0 No 1
2694 92 3 0 No 1
2695 92 18 0 No 1
2696 92 3 0 No 1
2697 92 3 0 No 1
2698 92 3 0 No 1
2699 92 6 0 No 1
2700 92 33 0 No 1
2701 92 3 0 No 1
2702 92 3 0 No 1
2703 92 3 0 No 1
2704 92 3 0 No 1
2705 92 3 0 No 1
2706 92 10 0 No 1
2707 92 3 0 No 1
2708 92 32 0 No 1
2709 92 4 0 No 1
2710 92 3 0 No 1
2711 92 3 0 No 1
2712 92 4 0 No 1
2713 92 4 0 No 1
2714 92 3 0 No 1
2715 92 3 0 No 1
2716 92 4 0 No 1
2717 92 7 0 No 1
2718 92 3 0 No 1
2719 92 6 0 No 1
2720 92 3 0 No 1
2721 93 3 0 No 1
2722 93 3 0 No 1
2723 93 4 0 No 1
2724 93 3 0 No 1
2725 93 3 0 No 1
2726 93 3 0 No 1
2727 93 3 0 No 1
2728 93 4 0 No 1
2729 93 4 0 No 1
2730 93 4 0 No 1
2731 93 6 0 No 1
2732 93 4 0 No 1
2733 93 3 0 No 1
2734 93 4 0 No 1
2735 93 3 0 No 1
2736 93 272 7554 Yes 1
2737 93 6 0 No 1
2738 93 3 0 No 1
2739 93 4 0 No 1
2740 93 3 0 No 1
2741 93 4 0 No 1
2742 93 3 0 No 1
2743 93 3 0 No 1
2744 93 37 0 No 1
2745 93 6 0 No 1
2746 93 3 0 No 1
2747 93 14 0 No 1
2748 93 3 0 No 1
2749 93 6 0 No 1
2750 93 5 0 No 1
2751 94 3 0 No 1
2752 94 3 0 No 1
2753 94 3 0 No 1
2754 94 4 0 No 1
2755 94 3 0 No 1
2756 94 3 0 No 1
2757 94 98 72 No -1
2758 94 3 0 No 1
2759 94 6 0 No 1
2760 94 7 0 No 1
2761 94 68 7637 Yes 1
2762 94 26 0 No 1
2763 94 4 0 No 1
2764 94 7 0 No 1
2765 94 3 0 No 1
2766 94 3 0 No 1
2767 94 4 0 No 1
2768 94 82 7821 Yes 1
2769 94 49 72 No -1
2770 94 9 0 No 1
2771 94 3 0 No 1
2772 94 3 0 No 1
2773 94 3 0 No 1
2774 94 3 0 No 1
2775 94 7 0 No 1
2776 94 3 0 No 1
2777 94 6 0 No 1
2778 94 3 0 No 1
2779 94 6 0 No 1
2780 94 4 0 No 1
2781 95 10 0 No 1
2782 95 3 0 No 1
2783 95 3 0 Yes 1
2784 95 3 0 No 1
2785 95 3 0 No 1
2786 95 4 0 No 1
2787 95 15 0 No 1
2788 95 4 0 No 1
2789 95 8 2 No -1
2790 95 4 0 No 1
2791 95 3 0 No 1
2792 95 3 0 No 1
2793 95 6 0 No 1
2794 95 3 0 No 1
2795 95 3 0 No 1
2796 95 4 0 No 1
2797 95 15 0 No 1
2798 95 11 0 No 1
2799 95 4 0 No 1
2800 95 3 0 No 1
2801 95 3 0 No 1
2802 95 4 0 No 1
2803 95 3 0 No 1
2804 95 3 0 No 1
2805 95 3 0 No 1
2806 95 3 0 No 1
2807 95 5 0 No 1
2808 95 3 0 No 1
2809 95 9 0 No 1
2810 95 4 0 No 1
2811 96 5 0 No 1
2812 96 4 0 No 1
2813 96 3 0 No 1
2814 96 7 0 No 1
2815 96 3 0 No 1
2816 96 3 0 No 1
2817 96 58 8179 Yes 1
2818 96 6 0 No 1
2819 96 3 0 No 1
2820 96 3 0 No 1
2821 96 3 0 No 1
2822 96 5 0 No 1
2823 96 5 0 No 1
2824 96 4 0 No 1
2825 96 4 0 No 1
2826 96 6 0 No 1
2827 96 3 0 No 1
2828 96 4 0 No 1
2829 96 5 0 No 1
2830 96 8 0 No 1
2831 96 3 0 No 1
2832 96 4 0 No 1
2833 96 4 0 No 1
2834 96 3 0 No 1
2835 96 3 0 No 1
2836 96 4 0 No 1
2837 96 4 0 No 1
2838 96 7 0 No 1
2839 96 4 0 No 1
2840 96 8 0 No 1
2841 97 5 0 No 1
2842 97 7 0 No 1
2843 97 4 0 No 1
2844 97 3 0 No 1
2845 97 18 0 No 1
2846 97 5 0 No 1
2847 97 3 0 No 1
2848 97 4 0 No 1
2849 97 4 0 No 1
2850 97 3 0 No 1
2851 97 9 0 No 1
2852 97 3 0 No 1
2853 97 8 0 No 1
2854 97 3 0 No 1
2855 97 7 0 No 1
2856 97 3 0 No 1
2857 97 3 0 No 1
2858 97 4 0 No 1
2859 97 4 0 No 1
2860 97 4 0 No 1
2861 97 4 0 No 1
2862 97 5 0 No 1
2863 97 7 0 No 1
2864 97 3 0 No 1
2865 97 3 0 No 1
2866 97 3 0 No 1
2867 97 3 0 No 1
2868 97 3 0 No 1
2869 97 3 0 No 1
2870 97 3 0 No 1
2871 98 3 0 No 1
2872 98 3 0 No 1
2873 98 4 0 No 1
2874 98 3 0 No 1
2875 98 10 0 No 1
2876 98 4 0 No 1
2877 98 3 0 No 1
2878 98 3 0 No 1
2879 98 3 0 No 1
2880 98 4 0 No 1
2881 98 3 0 No 1
2882 98 78 8545 Yes 1
2883 98 4 0 No 1
2884 98 13 0 No 1
2885 98 4 0 No 1
2886 98 3 0 No 1
2887 98 3 0 No 1
2888 98 3 0 No 1
2889 98 3 0 No 1
2890 98 3 0 No 1
2891 98 4 0 No 1
2892 98 3 0 No 1
2893 98 4 0 No 1
2894 98 8 0 No 1
2895 98 3 0 No 1
2896 98 3 0 No 1
2897 98 7 0 No 1
2898 98 3 0 No 1
2899 98 3 0 No 1
2900 98 3 0 No 1
2901 99 4 0 No 1
2902 99 4 0 No 1
2903 99 3 0 No 1
2904 99 22 12 No -1
2905 99 3 0 No 1
2906 99 3 0 No 1
2907 99 3 0 No 1
2908 99 3 0 No 1
2909 99 3 0 No 1
2910 99 3 0 No 1
2911 99 3 0 No 1
2912 99 7 0 No 1
2913 99 7 0 No 1
2914 99 4 0 No 1
2915 99 3 0 No 1
2916 99 3 0 No 1
2917 99 3 0 No 1
2918 99 57 2 No -1
2919 99 14 2 No -1
2920 99 13 2 No -1
2921 99 3 0 No 1
2922 99 7 0 No 1
2923 99 7 0 No 1
2924 99 3 0 No 1
2925 99 4 0 No 1
2926 99 3 0 No 1
2927 99 3 0 No 1
2928 99 3 0 No 1
2929 99 3 0 No 1
2930 99 7 0 No 1
2931 100 3 0 No 1
2932 100 3 0 No 1
2933 100 6 0 No 1
2934 100 3 0 No 1
2935 100 3 0 No 1
2936 100 3 0 No 1
2937 100 6 0 No 1
2938 100 4 0 No 1
2939 100 3 0 No 1
2940 100 6 0 No 1
2941 100 3 0 No 1
2942 100 27 2 No -1
2943 100 3 0 No 1
2944 100 3 0 No 1
2945 100 3 0 No 1
2946 100 7 0 No 1
2947 100 6 0 No 1
2948 100 3 0 No 1
2949 100 3 0 No 1
2950 100 3 0 No 1
2951 100 7 0 No 1
2952 100 3 0 No 1
2953 100 3 0 No 1
2954 100 3 0 No 1
2955 100 19 0 No 1
2956 100 4 0 No 1
2957 100 7 0 No 1
2958 100 3 0 No 1
2959 100 3 0 No 1
2960 100 7 0 No 1
