5 20 0.00 0.01
5 50 0.01 0.03
5 51 0.02 0.05
6 52 0.02 0.08
6 53 0.02 0.05
6 54 0.02 0.08
6 54 0.02 0.04
5 55 0.02 0.05
5 56 0.02 0.05
5 56 0.01 0.07
6 56 0.03 0.07
6 57 0.02 0.12
6 59 0.02 0.11
6 60 0.03 0.12
6 61 0.03 0.12
6 62 0.02 0.08
6 63 0.03 0.14
5 64 0.02 0.04
6 64 0.03 0.06
6 75 0.04 0.18
6 77 0.04 0.11
6 77 0.04 0.09
5 78 0.04 0.04
6 80 0.04 0.09
6 82 0.05 inf
6 83 0.04 0.19
6 83 0.04 0.16
6 85 0.03 0.21
5 86 0.04 0.08
6 86 0.04 0.12
6 87 0.05 0.09
5 88 0.03 0.05
6 91 0.05 0.15
5 94 0.04 0.21
6 96 0.05 inf
6 96 0.07 0.31
5 104 0.03 0.34
6 108 0.09 0.16
6 110 0.07 0.17
6 115 0.09 0.18
6 120 0.08 0.21
6 125 0.09 0.24
6 133 0.13 0.58
6 138 0.09 0.67
6 145 0.10 0.31
5 148 0.07 0.24
6 150 0.12 0.26
6 154 0.09 0.73
5 178 0.08 0.55
6 189 0.11 inf
6 196 0.16 2.09
6 204 0.16 0.91
5 207 0.12 0.16
6 209 0.16 1.32
6 210 0.23 0.40
6 215 0.19 0.37
6 216 0.15 1.30
5 222 0.13 0.58
6 227 0.20 0.44
5 240 0.20 0.40
6 240 0.23 1.69
5 253 0.21 0.78
6 268 0.27 3.11
6 281 0.32 0.74
6 330 0.53 1.70
6 332 0.30 inf
6 337 0.54 1.97
6 358 0.55 1.59
5 399 0.41 0.99
6 417 0.55 3.51
6 459 0.66 3.74
6 496 0.73 6.63
6 503 0.93 3.88
6 530 0.80 12.48
6 579 0.99 6.91
6 620 1.49 5.92
6 664 0.94 4.42
6 771 3.37 8.04
6 852 2.43 35.04
6 982 2.46 10.90
6 990 2.28 7.09
5 1058 3.76 inf
6 1217 3.29 9.45
5 1834 6.51 23.70
6 1945 12.92 36.90
6 2012 10.87 59.59
6 2182 10.41 31.50
5 2479 12.65 48.37
5 2550 12.29 inf
6 2637 19.81 inf
5 3043 16.49 56.89
6 3220 21.67 14.56
6 3685 33.00 inf
6 4349 44.01 inf
6 4499 33.91 inf
6 6059 84.20 inf
6 7647 108.39 inf
6 9176 162.92 inf
6 9235 289.21 inf
6 11120 458.81 inf
