6 83 0.04 0.19
6 83 0.04 0.16
6 85 0.03 0.21
5 86 0.04 0.08
6 86 0.04 0.12
6 87 0.05 0.09
5 88 0.03 0.05
6 91 0.05 0.15
5 94 0.04 0.21
6 96 0.05 inf
6 96 0.07 0.31
5 104 0.03 0.34
6 108 0.09 0.16
6 110 0.07 0.17
6 115 0.09 0.18
6 120 0.08 0.21
6 125 0.09 0.24
6 133 0.13 0.58
6 138 0.09 0.67
6 145 0.10 0.31
5 148 0.07 0.24
6 150 0.12 0.26
6 154 0.09 0.73
5 178 0.08 0.55
6 189 0.11 inf
6 196 0.16 2.09
6 204 0.16 0.91
5 207 0.12 0.16
6 209 0.16 1.32
6 210 0.23 0.40
6 215 0.19 0.37
6 216 0.15 1.30
5 222 0.13 0.58
6 227 0.20 0.44
5 240 0.20 0.40
6 240 0.23 1.69
5 253 0.21 0.78
6 268 0.27 3.11
6 281 0.32 0.74
6 330 0.53 1.70
6 332 0.30 inf
6 337 0.54 1.97
6 358 0.55 1.59
5 399 0.41 0.99
