 -nan
2 0
3 0
4 0
5 0
6 0
7 0
8 0
9 0
10 0
11 0
12 0
13 0
14 0
15 0
16 0
17 0
18 0
19 0
20 0
21 0
22 0
23 0
24 0
25 0
26 0
27 0
28 0
29 0
30 0
31 0
32 0
33 0
34 0
35 0
36 0
37 0
38 0
39 0.0333333
40 0
41 0
42 0.133333
43 0.172414
44 0.0333333
45 0.0666667
46 0.0666667
47 0.0333333
48 0
49 0.0666667
50 0.0333333
51 0.0333333
52 0.0344828
53 0
54 0.0666667
55 0
56 0
57 0.1
58 0.0666667
59 0.0666667
60 0.0333333
61 0
62 0.0666667
63 0
64 0
65 0.0333333
66 0.0333333
67 0
68 0.0333333
69 0.166667
70 0.0666667
71 0.0666667
72 0.0666667
73 0.0333333
74 0.0333333
75 0.1
76 0.0666667
77 0.1
78 0.0666667
79 0.0666667
80 0.0333333
81 0.0333333
82 0.0689655
83 0
84 0.0333333
85 0.0333333
86 0
87 0
88 0.0333333
89 0.1
90 0
91 0
92 0
93 0
94 0.0666667
95 0.0333333
96 0
97 0
98 0
99 0.133333
100 0.0333333
